# Temperature = 150.077 K. FWHM = 1.00000 nm
# Wavelength (nm). unconv. spectr.. convolv. spectr.
1515.00   5.1629E-001   2.5902E-002
1515.05   0.0000E+000   2.5663E-002
1515.10   0.0000E+000   2.5107E-002
1515.15   0.0000E+000   2.4251E-002
1515.20   0.0000E+000   2.3124E-002
1515.25   0.0000E+000   2.1763E-002
1515.30   0.0000E+000   2.0215E-002
1515.35   0.0000E+000   1.8530E-002
1515.40   0.0000E+000   1.6760E-002
1515.45   0.0000E+000   1.4958E-002
1515.50   0.0000E+000   1.3171E-002
1515.55   0.0000E+000   1.1442E-002
1515.60   0.0000E+000   9.8054E-003
1515.65   0.0000E+000   8.2896E-003
1515.70   0.0000E+000   6.9132E-003
1515.75   0.0000E+000   5.6871E-003
1515.80   0.0000E+000   4.6148E-003
1515.85   0.0000E+000   3.6936E-003
1515.90   0.0000E+000   2.9160E-003
1515.95   0.0000E+000   2.2706E-003
1516.00   0.0000E+000   1.7439E-003
1516.05   0.0000E+000   1.3211E-003
1516.10   0.0000E+000   9.8705E-004
1516.15   0.0000E+000   7.2739E-004
1516.20   0.0000E+000   5.2871E-004
1516.25   0.0000E+000   3.7905E-004
1516.30   0.0000E+000   2.6805E-004
1516.35   0.0000E+000   1.8699E-004
1516.40   0.0000E+000   1.2869E-004
1516.45   0.0000E+000   8.7391E-005
1516.50   0.0000E+000   5.8586E-005
1516.55   0.0000E+000   3.8805E-005
1516.60   6.1871E-006   2.5439E-005
1516.65   0.0000E+000   1.6570E-005
1516.70   0.0000E+000   1.0817E-005
1516.75   0.0000E+000   7.2147E-006
1516.80   0.0000E+000   5.1092E-006
1516.85   0.0000E+000   4.0866E-006
1516.90   0.0000E+000   3.9186E-006
1516.95   0.0000E+000   4.5319E-006
1517.00   0.0000E+000   5.9979E-006
1517.05   0.0000E+000   8.5467E-006
1517.10   0.0000E+000   1.2610E-005
1517.15   0.0000E+000   1.8902E-005
1517.20   0.0000E+000   2.8562E-005
1517.25   0.0000E+000   4.3369E-005
1517.30   0.0000E+000   6.6094E-005
1517.35   0.0000E+000   1.0102E-004
1517.40   0.0000E+000   1.5471E-004
1517.45   0.0000E+000   2.3716E-004
1517.50   0.0000E+000   3.6340E-004
1517.55   0.0000E+000   5.5581E-004
1517.60   0.0000E+000   8.4720E-004
1517.65   0.0000E+000   1.2850E-003
1517.70   0.0000E+000   1.9367E-003
1517.75   0.0000E+000   2.8969E-003
1517.80   0.0000E+000   4.2953E-003
1517.85   0.0000E+000   6.3076E-003
1517.90   0.0000E+000   9.1660E-003
1517.95   0.0000E+000   1.3172E-002
1518.00   0.0000E+000   1.8711E-002
1518.05   0.0000E+000   2.6258E-002
1518.10   0.0000E+000   3.6394E-002
1518.15   0.0000E+000   4.9805E-002
1518.20   0.0000E+000   6.7281E-002
1518.25   0.0000E+000   8.9705E-002
1518.30   1.1290E-002   1.1803E-001
1518.35   0.0000E+000   1.5322E-001
1518.40   0.0000E+000   1.9626E-001
1518.45   0.0000E+000   2.4800E-001
1518.50   0.0000E+000   3.0915E-001
1518.55   0.0000E+000   3.8016E-001
1518.60   0.0000E+000   4.6112E-001
1518.65   0.0000E+000   5.5170E-001
1518.70   0.0000E+000   6.5108E-001
1518.75   0.0000E+000   7.5785E-001
1518.80   6.2168E-002   8.7007E-001
1518.85   0.0000E+000   9.8523E-001
1518.90   0.0000E+000   1.1003E+000
1518.95   0.0000E+000   1.2120E+000
1519.00   0.0000E+000   1.3168E+000
1519.05   0.0000E+000   1.4109E+000
1519.10   0.0000E+000   1.4910E+000
1519.15   0.0000E+000   1.5540E+000
1519.20   0.0000E+000   1.5974E+000
1519.25   3.4498E+001   1.6195E+000
1519.30   0.0000E+000   1.6192E+000
1519.35   0.0000E+000   1.5968E+000
1519.40   0.0000E+000   1.5529E+000
1519.45   0.0000E+000   1.4895E+000
1519.50   0.0000E+000   1.4091E+000
1519.55   0.0000E+000   1.3146E+000
1519.60   0.0000E+000   1.2096E+000
1519.65   0.0000E+000   1.0977E+000
1519.70   0.0000E+000   9.8242E-001
1519.75   0.0000E+000   8.6715E-001
1519.80   0.0000E+000   7.5487E-001
1519.85   0.0000E+000   6.4808E-001
1519.90   0.0000E+000   5.4874E-001
1519.95   0.0000E+000   4.5824E-001
1520.00   0.0000E+000   3.7739E-001
1520.05   0.0000E+000   3.0653E-001
1520.10   0.0000E+000   2.4555E-001
1520.15   0.0000E+000   1.9399E-001
1520.20   0.0000E+000   1.5115E-001
1520.25   0.0000E+000   1.1615E-001
1520.30   0.0000E+000   8.8022E-002
1520.35   0.0000E+000   6.5789E-002
1520.40   0.0000E+000   4.8495E-002
1520.45   0.0000E+000   3.5255E-002
1520.50   0.0000E+000   2.5277E-002
1520.55   0.0000E+000   1.7873E-002
1520.60   0.0000E+000   1.2464E-002
1520.65   0.0000E+000   8.5725E-003
1520.70   0.0000E+000   5.8147E-003
1520.75   0.0000E+000   3.8898E-003
1520.80   0.0000E+000   2.5663E-003
1520.85   0.0000E+000   1.6698E-003
1520.90   0.0000E+000   1.0716E-003
1520.95   0.0000E+000   6.7816E-004
1521.00   0.0000E+000   4.2329E-004
1521.05   0.0000E+000   2.6057E-004
1521.10   0.0000E+000   1.5820E-004
1521.15   0.0000E+000   9.4736E-005
1521.20   0.0000E+000   5.5965E-005
1521.25   0.0000E+000   3.2630E-005
1521.30   0.0000E+000   1.8800E-005
1521.35   0.0000E+000   1.0738E-005
1521.40   0.0000E+000   6.1330E-006
1521.45   0.0000E+000   3.5783E-006
1521.50   0.0000E+000   2.2363E-006
1521.55   0.0000E+000   1.6209E-006
1521.60   0.0000E+000   1.4604E-006
1521.65   0.0000E+000   1.6132E-006
1521.70   0.0000E+000   2.0172E-006
1521.75   0.0000E+000   2.6593E-006
1521.80   0.0000E+000   3.5587E-006
1521.85   0.0000E+000   4.7568E-006
1521.90   0.0000E+000   6.3138E-006
1521.95   0.0000E+000   8.3066E-006
1522.00   0.0000E+000   1.0831E-005
1522.05   0.0000E+000   1.4010E-005
1522.10   0.0000E+000   1.8001E-005
1522.15   0.0000E+000   2.3026E-005
1522.20   0.0000E+000   2.9406E-005
1522.25   0.0000E+000   3.7643E-005
1522.30   0.0000E+000   4.8540E-005
1522.35   0.0000E+000   6.3422E-005
1522.40   0.0000E+000   8.4486E-005
1522.45   0.0000E+000   1.1538E-004
1522.50   0.0000E+000   1.6211E-004
1522.55   0.0000E+000   2.3448E-004
1522.60   0.0000E+000   3.4824E-004
1522.65   0.0000E+000   5.2840E-004
1522.70   0.0000E+000   8.1394E-004
1522.75   0.0000E+000   1.2647E-003
1522.80   1.2124E-003   1.9712E-003
1522.85   0.0000E+000   3.0674E-003
1522.90   0.0000E+000   4.7490E-003
1522.95   0.0000E+000   7.2961E-003
1523.00   0.0000E+000   1.1103E-002
1523.05   0.0000E+000   1.6714E-002
1523.10   0.0000E+000   2.4865E-002
1523.15   0.0000E+000   3.6535E-002
1523.20   0.0000E+000   5.2996E-002
1523.25   0.0000E+000   7.5870E-002
1523.30   5.6935E-003   1.0717E-001
1523.35   0.0000E+000   1.4936E-001
1523.40   0.0000E+000   2.0533E-001
1523.45   0.0000E+000   2.7844E-001
1523.50   0.0000E+000   3.7242E-001
1523.55   0.0000E+000   4.9131E-001
1523.60   0.0000E+000   6.3927E-001
1523.65   0.0000E+000   8.2038E-001
1523.70   0.0000E+000   1.0383E+000
1523.75   0.0000E+000   1.2961E+000
1523.80   0.0000E+000   1.5956E+000
1523.85   0.0000E+000   1.9374E+000
1523.90   0.0000E+000   2.3199E+000
1523.95   0.0000E+000   2.7397E+000
1524.00   0.0000E+000   3.1910E+000
1524.05   0.0000E+000   3.6655E+000
1524.10   0.0000E+000   4.1526E+000
1524.15   0.0000E+000   4.6396E+000
1524.20   0.0000E+000   5.1124E+000
1524.25   0.0000E+000   5.5558E+000
1524.30   0.0000E+000   5.9546E+000
1524.35   0.0000E+000   6.2941E+000
1524.40   0.0000E+000   6.5614E+000
1524.45   0.0000E+000   6.7458E+000
1524.50   1.4587E+002   6.8400E+000
1524.55   0.0000E+000   6.8400E+000
1524.60   0.0000E+000   6.7458E+000
1524.65   0.0000E+000   6.5613E+000
1524.70   0.0000E+000   6.2941E+000
1524.75   0.0000E+000   5.9545E+000
1524.80   0.0000E+000   5.5558E+000
1524.85   0.0000E+000   5.1124E+000
1524.90   0.0000E+000   4.6396E+000
1524.95   0.0000E+000   4.1525E+000
1525.00   0.0000E+000   3.6655E+000
1525.05   0.0000E+000   3.1910E+000
1525.10   0.0000E+000   2.7397E+000
1525.15   0.0000E+000   2.3198E+000
1525.20   0.0000E+000   1.9372E+000
1525.25   0.0000E+000   1.5955E+000
1525.30   0.0000E+000   1.2959E+000
1525.35   0.0000E+000   1.0381E+000
1525.40   0.0000E+000   8.2017E-001
1525.45   0.0000E+000   6.3905E-001
1525.50   0.0000E+000   4.9107E-001
1525.55   0.0000E+000   3.7216E-001
1525.60   0.0000E+000   2.7816E-001
1525.65   0.0000E+000   2.0504E-001
1525.70   0.0000E+000   1.4906E-001
1525.75   0.0000E+000   1.0687E-001
1525.80   0.0000E+000   7.5572E-002
1525.85   0.0000E+000   5.2702E-002
1525.90   0.0000E+000   3.6247E-002
1525.95   0.0000E+000   2.4586E-002
1526.00   0.0000E+000   1.6447E-002
1526.05   0.0000E+000   1.0851E-002
1526.10   0.0000E+000   7.0605E-003
1526.15   0.0000E+000   4.5308E-003
1526.20   0.0000E+000   2.8675E-003
1526.25   0.0000E+000   1.7898E-003
1526.30   0.0000E+000   1.1017E-003
1526.35   0.0000E+000   6.6886E-004
1526.40   0.0000E+000   4.0048E-004
1526.45   0.0000E+000   2.3648E-004
1526.50   0.0000E+000   1.3772E-004
1526.55   0.0000E+000   7.9109E-005
1526.60   0.0000E+000   4.4823E-005
1526.65   0.0000E+000   2.5059E-005
1526.70   0.0000E+000   1.3835E-005
1526.75   0.0000E+000   7.5637E-006
1526.80   0.0000E+000   4.1269E-006
1526.85   0.0000E+000   2.3007E-006
1526.90   0.0000E+000   1.3968E-006
1526.95   0.0000E+000   1.0500E-006
1527.00   0.0000E+000   1.0984E-006
1527.05   0.0000E+000   1.5258E-006
1527.10   0.0000E+000   2.4507E-006
1527.15   0.0000E+000   4.1557E-006
1527.20   0.0000E+000   7.1649E-006
1527.25   0.0000E+000   1.2383E-005
1527.30   0.0000E+000   2.1324E-005
1527.35   0.0000E+000   3.6468E-005
1527.40   0.0000E+000   6.1818E-005
1527.45   0.0000E+000   1.0372E-004
1527.50   0.0000E+000   1.7206E-004
1527.55   0.0000E+000   2.8203E-004
1527.60   0.0000E+000   4.5654E-004
1527.65   0.0000E+000   7.2956E-004
1527.70   0.0000E+000   1.1506E-003
1527.75   0.0000E+000   1.7906E-003
1527.80   0.0000E+000   2.7491E-003
1527.85   0.0000E+000   4.1638E-003
1527.90   0.0000E+000   6.2210E-003
1527.95   0.0000E+000   9.1679E-003
1528.00   9.5798E-005   1.3326E-002
1528.05   0.0000E+000   1.9106E-002
1528.10   0.0000E+000   2.7016E-002
1528.15   0.0000E+000   3.7678E-002
1528.20   0.0000E+000   5.1826E-002
1528.25   0.0000E+000   7.0307E-002
1528.30   0.0000E+000   9.4069E-002
1528.35   0.0000E+000   1.2413E-001
1528.40   0.0000E+000   1.6155E-001
1528.45   0.0000E+000   2.0736E-001
1528.50   3.9494E-004   2.6251E-001
1528.55   0.0000E+000   3.2775E-001
1528.60   0.0000E+000   4.0358E-001
1528.65   0.0000E+000   4.9012E-001
1528.70   0.0000E+000   5.8705E-001
1528.75   0.0000E+000   6.9348E-001
1528.80   0.0000E+000   8.0794E-001
1528.85   0.0000E+000   9.2838E-001
1528.90   0.0000E+000   1.0521E+000
1528.95   0.0000E+000   1.1760E+000
1529.00   0.0000E+000   1.2964E+000
1529.05   0.0000E+000   1.4094E+000
1529.10   0.0000E+000   1.5114E+000
1529.15   0.0000E+000   1.5985E+000
1529.20   0.0000E+000   1.6674E+000
1529.25   1.0333E-001   1.7154E+000
1529.30   3.6660E+001   1.7406E+000
1529.35   0.0000E+000   1.7420E+000
1529.40   0.0000E+000   1.7195E+000
1529.45   0.0000E+000   1.6741E+000
1529.50   0.0000E+000   1.6076E+000
1529.55   0.0000E+000   1.5226E+000
1529.60   4.7693E-001   1.4225E+000
1529.65   0.0000E+000   1.3107E+000
1529.70   0.0000E+000   1.1913E+000
1529.75   0.0000E+000   1.0680E+000
1529.80   0.0000E+000   9.4444E-001
1529.85   0.0000E+000   8.2382E-001
1529.90   0.0000E+000   7.0886E-001
1529.95   0.0000E+000   6.0169E-001
1530.00   0.0000E+000   5.0384E-001
1530.05   0.0000E+000   4.1623E-001
1530.10   0.0000E+000   3.3927E-001
1530.15   0.0000E+000   2.7289E-001
1530.20   0.0000E+000   2.1665E-001
1530.25   1.6052E-002   1.6984E-001
1530.30   0.0000E+000   1.3156E-001
1530.35   0.0000E+000   1.0081E-001
1530.40   0.0000E+000   7.6576E-002
1530.45   0.0000E+000   5.7876E-002
1530.50   0.0000E+000   4.3796E-002
1530.55   0.0000E+000   3.3523E-002
1530.60   0.0000E+000   2.6356E-002
1530.65   0.0000E+000   2.1711E-002
1530.70   0.0000E+000   1.9109E-002
1530.75   0.0000E+000   1.8170E-002
1530.80   0.0000E+000   1.8593E-002
1530.85   0.0000E+000   2.0143E-002
1530.90   0.0000E+000   2.2630E-002
1530.95   0.0000E+000   2.5895E-002
1531.00   0.0000E+000   2.9796E-002
1531.05   0.0000E+000   3.4194E-002
1531.10   0.0000E+000   3.8951E-002
1531.15   0.0000E+000   4.3916E-002
1531.20   0.0000E+000   4.8933E-002
1531.25   0.0000E+000   5.3835E-002
1531.30   0.0000E+000   5.8450E-002
1531.35   0.0000E+000   6.2612E-002
1531.40   0.0000E+000   6.6162E-002
1531.45   0.0000E+000   6.8962E-002
1531.50   0.0000E+000   7.0898E-002
1531.55   1.5323E+000   7.1893E-002
1531.60   0.0000E+000   7.1908E-002
1531.65   0.0000E+000   7.0949E-002
1531.70   0.0000E+000   6.9063E-002
1531.75   0.0000E+000   6.6342E-002
1531.80   0.0000E+000   6.2919E-002
1531.85   0.0000E+000   5.8964E-002
1531.90   0.0000E+000   5.4682E-002
1531.95   0.0000E+000   5.0309E-002
1532.00   0.0000E+000   4.6120E-002
1532.05   0.0000E+000   4.2432E-002
1532.10   0.0000E+000   3.9618E-002
1532.15   0.0000E+000   3.8125E-002
1532.20   0.0000E+000   3.8507E-002
1532.25   0.0000E+000   4.1455E-002
1532.30   0.0000E+000   4.7843E-002
1532.35   0.0000E+000   5.8774E-002
1532.40   0.0000E+000   7.5631E-002
1532.45   1.8245E-003   1.0012E-001
1532.50   0.0000E+000   1.3430E-001
1532.55   0.0000E+000   1.8063E-001
1532.60   0.0000E+000   2.4192E-001
1532.65   0.0000E+000   3.2133E-001
1532.70   0.0000E+000   4.2227E-001
1532.75   0.0000E+000   5.4825E-001
1532.80   0.0000E+000   7.0272E-001
1532.85   0.0000E+000   8.8883E-001
1532.90   0.0000E+000   1.1091E+000
1532.95   0.0000E+000   1.3651E+000
1533.00   0.0000E+000   1.6573E+000
1533.05   0.0000E+000   1.9845E+000
1533.10   0.0000E+000   2.3435E+000
1533.15   0.0000E+000   2.7295E+000
1533.20   0.0000E+000   3.1353E+000
1533.25   0.0000E+000   3.5520E+000
1533.30   0.0000E+000   3.9685E+000
1533.35   0.0000E+000   4.3729E+000
1533.40   0.0000E+000   4.7522E+000
1533.45   0.0000E+000   5.0933E+000
1533.50   0.0000E+000   5.3837E+000
1533.55   0.0000E+000   5.6123E+000
1533.60   0.0000E+000   5.7701E+000
1533.65   1.2477E+002   5.8506E+000
1533.70   0.0000E+000   5.8506E+000
1533.75   0.0000E+000   5.7701E+000
1533.80   0.0000E+000   5.6123E+000
1533.85   0.0000E+000   5.3837E+000
1533.90   0.0000E+000   5.0933E+000
1533.95   0.0000E+000   4.7522E+000
1534.00   0.0000E+000   4.3729E+000
1534.05   0.0000E+000   3.9685E+000
1534.10   0.0000E+000   3.5519E+000
1534.15   0.0000E+000   3.1353E+000
1534.20   0.0000E+000   2.7294E+000
1534.25   0.0000E+000   2.3434E+000
1534.30   0.0000E+000   1.9842E+000
1534.35   0.0000E+000   1.6570E+000
1534.40   0.0000E+000   1.3647E+000
1534.45   0.0000E+000   1.1085E+000
1534.50   0.0000E+000   8.8798E-001
1534.55   0.0000E+000   7.0154E-001
1534.60   0.0000E+000   5.4661E-001
1534.65   0.0000E+000   4.2004E-001
1534.70   0.0000E+000   3.1833E-001
1534.75   0.0000E+000   2.3793E-001
1534.80   0.0000E+000   1.7538E-001
1534.85   0.0000E+000   1.2750E-001
1534.90   0.0000E+000   9.1417E-002
1534.95   0.0000E+000   6.4642E-002
1535.00   0.0000E+000   4.5080E-002
1535.05   0.0000E+000   3.1006E-002
1535.10   0.0000E+000   2.1032E-002
1535.15   0.0000E+000   1.4071E-002
1535.20   0.0000E+000   9.2845E-003
1535.25   0.0000E+000   6.0426E-003
1535.30   0.0000E+000   3.8793E-003
1535.35   0.0000E+000   2.4571E-003
1535.40   0.0000E+000   1.5358E-003
1535.45   0.0000E+000   9.4776E-004
1535.50   0.0000E+000   5.7797E-004
1535.55   0.0000E+000   3.4882E-004
1535.60   0.0000E+000   2.0890E-004
1535.65   0.0000E+000   1.2471E-004
1535.70   0.0000E+000   7.4763E-005
1535.75   1.5367E-004   4.5529E-005
1535.80   0.0000E+000   2.8615E-005
1535.85   0.0000E+000   1.8902E-005
1535.90   0.0000E+000   1.3322E-005
1535.95   0.0000E+000   1.0065E-005
1536.00   0.0000E+000   8.0883E-006
1536.05   0.0000E+000   6.7991E-006
1536.10   0.0000E+000   5.8722E-006
1536.15   0.0000E+000   5.1343E-006
1536.20   0.0000E+000   4.4979E-006
1536.25   0.0000E+000   3.9223E-006
1536.30   0.0000E+000   3.3912E-006
1536.35   0.0000E+000   2.9004E-006
1536.40   0.0000E+000   2.4506E-006
1536.45   0.0000E+000   2.0440E-006
1536.50   0.0000E+000   1.6823E-006
1536.55   0.0000E+000   1.3659E-006
1536.60   0.0000E+000   1.0939E-006
1536.65   0.0000E+000   8.6416E-007
1536.70   0.0000E+000   6.7328E-007
1536.75   0.0000E+000   5.1736E-007
1536.80   0.0000E+000   3.9207E-007
1536.85   0.0000E+000   2.9304E-007
1536.90   0.0000E+000   2.1601E-007
1536.95   0.0000E+000   1.5704E-007
1537.00   0.0000E+000   1.1259E-007
1537.05   0.0000E+000   7.9618E-008
1537.10   0.0000E+000   5.5530E-008
1537.15   0.0000E+000   3.8208E-008
1537.20   0.0000E+000   2.5952E-008
1537.25   0.0000E+000   1.7442E-008
1537.30   0.0000E+000   1.1684E-008
1537.35   0.0000E+000   7.9878E-009
1537.40   0.0000E+000   5.9513E-009
1537.45   0.0000E+000   5.5114E-009
1537.50   0.0000E+000   7.0782E-009
1537.55   0.0000E+000   1.1838E-008
1537.60   0.0000E+000   2.2357E-008
1537.65   0.0000E+000   4.3727E-008
1537.70   0.0000E+000   8.5668E-008
1537.75   0.0000E+000   1.6631E-007
1537.80   0.0000E+000   3.1888E-007
1537.85   0.0000E+000   6.0324E-007
1537.90   0.0000E+000   1.1256E-006
1537.95   0.0000E+000   2.0715E-006
1538.00   0.0000E+000   3.7599E-006
1538.05   0.0000E+000   6.7304E-006
1538.10   0.0000E+000   1.1882E-005
1538.15   0.0000E+000   2.0688E-005
1538.20   0.0000E+000   3.5523E-005
1538.25   0.0000E+000   6.0158E-005
1538.30   0.0000E+000   1.0047E-004
1538.35   0.0000E+000   1.6550E-004
1538.40   0.0000E+000   2.6886E-004
1538.45   0.0000E+000   4.3075E-004
1538.50   0.0000E+000   6.8061E-004
1538.55   0.0000E+000   1.0606E-003
1538.60   0.0000E+000   1.6300E-003
1538.65   0.0000E+000   2.4707E-003
1538.70   0.0000E+000   3.6933E-003
1538.75   0.0000E+000   5.4449E-003
1538.80   0.0000E+000   7.9167E-003
1538.85   0.0000E+000   1.1352E-002
1538.90   0.0000E+000   1.6055E-002
1538.95   0.0000E+000   2.2392E-002
1539.00   0.0000E+000   3.0801E-002
1539.05   0.0000E+000   4.1785E-002
1539.10   0.0000E+000   5.5905E-002
1539.15   0.0000E+000   7.3767E-002
1539.20   0.0000E+000   9.5996E-002
1539.25   0.0000E+000   1.2320E-001
1539.30   0.0000E+000   1.5595E-001
1539.35   0.0000E+000   1.9467E-001
1539.40   0.0000E+000   2.3967E-001
1539.45   0.0000E+000   2.9101E-001
1539.50   0.0000E+000   3.4847E-001
1539.55   0.0000E+000   4.1155E-001
1539.60   0.0000E+000   4.7934E-001
1539.65   0.0000E+000   5.5062E-001
1539.70   0.0000E+000   6.2379E-001
1539.75   0.0000E+000   6.9695E-001
1539.80   0.0000E+000   7.6797E-001
1539.85   0.0000E+000   8.3458E-001
1539.90   0.0000E+000   8.9448E-001
1539.95   0.0000E+000   9.4548E-001
1540.00   0.0000E+000   9.8563E-001
1540.05   0.0000E+000   1.0133E+000
1540.10   2.1913E+001   1.0275E+000
1540.15   0.0000E+000   1.0275E+000
1540.20   0.0000E+000   1.0133E+000
1540.25   0.0000E+000   9.8563E-001
1540.30   0.0000E+000   9.4548E-001
1540.35   0.0000E+000   8.9448E-001
1540.40   0.0000E+000   8.3458E-001
1540.45   0.0000E+000   7.6797E-001
1540.50   0.0000E+000   6.9695E-001
1540.55   0.0000E+000   6.2379E-001
1540.60   0.0000E+000   5.5062E-001
1540.65   0.0000E+000   4.7934E-001
1540.70   0.0000E+000   4.1155E-001
1540.75   0.0000E+000   3.4847E-001
1540.80   0.0000E+000   2.9101E-001
1540.85   0.0000E+000   2.3967E-001
1540.90   0.0000E+000   1.9467E-001
1540.95   0.0000E+000   1.5595E-001
1541.00   0.0000E+000   1.2320E-001
1541.05   0.0000E+000   9.5996E-002
1541.10   0.0000E+000   7.3767E-002
1541.15   0.0000E+000   5.5905E-002
1541.20   0.0000E+000   4.1785E-002
1541.25   0.0000E+000   3.0801E-002
1541.30   0.0000E+000   2.2392E-002
1541.35   0.0000E+000   1.6055E-002
1541.40   0.0000E+000   1.1354E-002
1541.45   0.0000E+000   7.9199E-003
1541.50   0.0000E+000   5.4508E-003
1541.55   0.0000E+000   3.7040E-003
1541.60   0.0000E+000   2.4898E-003
1541.65   0.0000E+000   1.6638E-003
1541.70   0.0000E+000   1.1194E-003
1541.75   0.0000E+000   7.8155E-004
1541.80   0.0000E+000   6.0168E-004
1541.85   0.0000E+000   5.5435E-004
1541.90   0.0000E+000   6.3576E-004
1541.95   0.0000E+000   8.6442E-004
1542.00   0.0000E+000   1.2841E-003
1542.05   0.0000E+000   1.9695E-003
1542.10   0.0000E+000   3.0344E-003
1542.15   0.0000E+000   4.6436E-003
1542.20   0.0000E+000   7.0271E-003
1542.25   0.0000E+000   1.0498E-002
1542.30   0.0000E+000   1.5474E-002
1542.35   0.0000E+000   2.2496E-002
1542.40   0.0000E+000   3.2258E-002
1542.45   0.0000E+000   4.5619E-002
1542.50   0.0000E+000   6.3626E-002
1542.55   0.0000E+000   8.7520E-002
1542.60   0.0000E+000   1.1873E-001
1542.65   0.0000E+000   1.5885E-001
1542.70   0.0000E+000   2.0961E-001
1542.75   0.0000E+000   2.7277E-001
1542.80   0.0000E+000   3.5008E-001
1542.85   0.0000E+000   4.4312E-001
1542.90   0.0000E+000   5.5315E-001
1542.95   0.0000E+000   6.8101E-001
1543.00   0.0000E+000   8.2688E-001
1543.05   0.0000E+000   9.9017E-001
1543.10   0.0000E+000   1.1694E+000
1543.15   0.0000E+000   1.3620E+000
1543.20   0.0000E+000   1.5646E+000
1543.25   0.0000E+000   1.7725E+000
1543.30   0.0000E+000   1.9803E+000
1543.35   0.0000E+000   2.1822E+000
1543.40   0.0000E+000   2.3714E+000
1543.45   0.0000E+000   2.5416E+000
1543.50   0.0000E+000   2.6866E+000
1543.55   0.0000E+000   2.8006E+000
1543.60   0.0000E+000   2.8794E+000
1543.65   6.2263E+001   2.9196E+000
1543.70   0.0000E+000   2.9196E+000
1543.75   0.0000E+000   2.8794E+000
1543.80   0.0000E+000   2.8006E+000
1543.85   0.0000E+000   2.6866E+000
1543.90   0.0000E+000   2.5416E+000
1543.95   0.0000E+000   2.3714E+000
1544.00   0.0000E+000   2.1822E+000
1544.05   0.0000E+000   1.9803E+000
1544.10   0.0000E+000   1.7725E+000
1544.15   0.0000E+000   1.5646E+000
1544.20   0.0000E+000   1.3620E+000
1544.25   0.0000E+000   1.1694E+000
1544.30   0.0000E+000   9.9017E-001
1544.35   0.0000E+000   8.2688E-001
1544.40   0.0000E+000   6.8101E-001
1544.45   0.0000E+000   5.5315E-001
1544.50   0.0000E+000   4.4312E-001
1544.55   0.0000E+000   3.5008E-001
1544.60   0.0000E+000   2.7277E-001
1544.65   0.0000E+000   2.0961E-001
1544.70   0.0000E+000   1.5885E-001
1544.75   0.0000E+000   1.1873E-001
1544.80   0.0000E+000   8.7520E-002
1544.85   0.0000E+000   6.3626E-002
1544.90   0.0000E+000   4.5618E-002
1544.95   0.0000E+000   3.2257E-002
1545.00   0.0000E+000   2.2495E-002
1545.05   0.0000E+000   1.5471E-002
1545.10   0.0000E+000   1.0494E-002
1545.15   0.0000E+000   7.0203E-003
1545.20   0.0000E+000   4.6317E-003
1545.25   0.0000E+000   3.0137E-003
1545.30   0.0000E+000   1.9339E-003
1545.35   0.0000E+000   1.2239E-003
1545.40   0.0000E+000   7.6394E-004
1545.45   0.0000E+000   4.7026E-004
1545.50   0.0000E+000   2.8550E-004
1545.55   0.0000E+000   1.7094E-004
1545.60   0.0000E+000   1.0094E-004
1545.65   0.0000E+000   5.8783E-005
1545.70   0.0000E+000   3.3762E-005
1545.75   0.0000E+000   1.9124E-005
1545.80   0.0000E+000   1.0684E-005
1545.85   0.0000E+000   5.8861E-006
1545.90   0.0000E+000   3.1983E-006
1545.95   0.0000E+000   1.7139E-006
1546.00   0.0000E+000   9.0584E-007
1546.05   0.0000E+000   4.7215E-007
1546.10   0.0000E+000   2.4271E-007
1546.15   0.0000E+000   1.2305E-007
1546.20   0.0000E+000   6.1525E-008
1546.25   0.0000E+000   3.0339E-008
1546.30   0.0000E+000   1.4755E-008
1546.35   0.0000E+000   7.0780E-009
1546.40   0.0000E+000   3.3502E-009
1546.45   0.0000E+000   1.5676E-009
1546.50   0.0000E+000   7.3174E-010
1546.55   0.0000E+000   3.5516E-010
1546.60   0.0000E+000   2.0920E-010
1546.65   0.0000E+000   2.0008E-010
1546.70   0.0000E+000   3.1487E-010
1546.75   0.0000E+000   6.1007E-010
1546.80   0.0000E+000   1.2348E-009
1546.85   0.0000E+000   2.4959E-009
1546.90   0.0000E+000   4.9884E-009
1546.95   0.0000E+000   9.8380E-009
1547.00   0.0000E+000   1.9137E-008
1547.05   0.0000E+000   3.6716E-008
1547.10   0.0000E+000   6.9470E-008
1547.15   0.0000E+000   1.2964E-007
1547.20   0.0000E+000   2.3858E-007
1547.25   0.0000E+000   4.3303E-007
1547.30   0.0000E+000   7.7514E-007
1547.35   0.0000E+000   1.3684E-006
1547.40   0.0000E+000   2.3826E-006
1547.45   0.0000E+000   4.0912E-006
1547.50   0.0000E+000   6.9285E-006
1547.55   0.0000E+000   1.1572E-005
1547.60   0.0000E+000   1.9061E-005
1547.65   0.0000E+000   3.0964E-005
1547.70   0.0000E+000   4.9609E-005
1547.75   0.0000E+000   7.8387E-005
1547.80   0.0000E+000   1.2215E-004
1547.85   0.0000E+000   1.8773E-004
1547.90   0.0000E+000   2.8455E-004
1547.95   0.0000E+000   4.2536E-004
1548.00   0.0000E+000   6.2709E-004
